category_super_group_ID,category_super_group,category_group_ID,saveframe_category,category_group,mandatory_code,BMRB mandatory,mandatory_number,ADIT replicable,allowed_user_defined_framecode,specified_framecode,tag category requirements,validateFlgs,,,,,,viewFlags,,,,,,NMR-STAR ordinal,rdbms_name,category_group_view_name,group_view_help,mandatory_code,BMRB mandatory,mandatory_number,ADIT replicable,allowed_user_defined_framecode,viewFlags,category_group_view_name,group_view_help,mandatory_code,BMRB mandatory,mandatory_number,ADIT replicable,allowed_user_defined_framecode,viewFlags,category_group_view_name,group_view_help,-------------------------------,----------------,--------------,------------------------------,-----------,S=SG mandatory; M=mandatory; H=hidden; MC=mandatory conditional; O=optional,---------, -----------,---------,-------,,BMRB biopolymer public release,BMRB small molecule structure public release,biopolymer internal valid meta data,small molecule structure internal valid meta data,BMRB metabolomics public release,metabolomics internal valid meta data,public,internal,meta,sg/public,sg/internal,usr/public,-----------,-----------,-----------, ------------,-----------,S=SG mandatory; M=mandatory; H=hidden; MC=mandatory conditional; O=optional,---------, -----------,---------,public, ------------, ------------,-----------,S=SG mandatory; M=mandatory; H=hidden; MC=mandatory conditional; O=optional,---------, -----------,---------,public, ------------, ------------TBL_BEGIN,,,,,,,,,,,,validate,public,,internal,public,internal,viewFlags,,,,,,,,,,,,,,,viewFlags,,?,,,,,,viewFlags,,?1,entry_information,9,deposited_data_files,deposited_data_files,H,H,1,N,N,deposited_data_files,,I,I,M,O,I,O,H,H,H,H,H,H,?,,Deposit data files,To upload data files from your system to BMRB$ in the fields provided$ select a data file from your local directory system$ and define the kind of data in the file. If the file contains more than one kind of data$ please indicate in the entry interview each kind of data that you are depositing.,H,H,1,N,N,H,Deposit data files,To upload data files from your system to BMRB$ in the fields provided$ select a data file from your local directory system$ and define the kind of data in the file. If the file contains more than one kind of data$ please indicate in the entry interview each kind of data that you are depositing.,H,H,1,N,N,H,Deposit data files,To upload data files from your system to BMRB$ in the fields provided$ select a data file from your local directory system$ and define the kind of data in the file. If the file contains more than one kind of data$ please indicate in the entry interview each kind of data that you are depositing.1,entry_information,8,entry_interview,entry_interview,Y,M,1,N,N,entry_interview,,I,I,M,O,I,O,N,H,H,H,H,H,?,,Entry interview,Select the type of deposition you would like to start (BMRB only or PDB/BMRB). The information entered as you complete the deposition will apply to both a BMRB only and a PDB/BMRB deposition. At any time$ you can switch between a BMRB only and a PDB/BMRB deposition using the 'View mode' buttons in the upper left hand corner of the interface. Additional information describing the deposition process can be obtained by clicking on the 'Help' button at the top of the page.,Y,M,1,N,N,N,Entry interview,Select the kind(s) of data you plan to deposit. At anytime during the deposition process$ you can return to the entry interview page and change your selections. Additional information describing the deposition process can be obtained by clicking on the 'Help' button at the top of the page.,Y,M,1,N,N,N,Entry interview,Atomic coordinates$ restraints$ and assigned chemical shifts are required. Select other kind(s) of data you plan to deposit. At anytime during the deposition process$ you can return to the entry interview page and change your selections. Additional information describing the deposition process can be obtained by clicking on the 'Help' button at the top of the page.1,entry_information,10,study_list,study_list,Y,M,,N,Y,,,O,O,O,O,O,O,N,H,H,H,H,H,?,,Studies,A study is made up of one or more entries.  You may define a name and type of study conducted and provide the entry(s) that compose the study.  If a study is not defined$ it will be assumed that the entry is the only member of a study and information provided for the entry will be used to poplulate corresponding tags in the study section to produce the final entry.,H,O,,N,Y,H,Studies,A study is made up of one or more entries.  You may define a name and type of study conducted and provide the entry(s) that compose the study.  If a study is not defined$ it will be assumed that the entry is the only member of a study and information provided for the entry will be used to poplulate corresponding tags in the study section to produce the final entry.,H,O,,N,Y,H,Studies,A study is made up of one or more entries.  You may define a name and type of study conducted and provide the entry(s) that compose the study.  If a study is not defined$ it will be assumed that the entry is the only member of a study and information provided for the entry will be used to poplulate corresponding tags in the study section to produce the final entry.1,entry_information,20,entry_information,entry_information,Y,M,1,N,N,entry_information,Data_set and Entry_author and Release,M,M,M,M,M,M,N,H,H,H,H,H,?,,Entry information,Provide information that describes the entry and the people responsible for the deposition. For the contact people$ please enter the e-mail address first. If the person is a prior depositor at the BMRB$ many of the additional fields for the contact person may be filled in automatically.,Y,M,1,N,N,N,Entry information,Provide information that describes the entry.,Y,M,1,N,N,N,Entry information,Provide information that describes the entry.2,citations,40,citations,citations,Y,M,1,Y,Y,,Citation_author,M,M,M,M,M,M,N,H,H,H,H,H,?,,Citations,The title$ authors$ and reference information for a citation are entered in this section. ,Y,M,1,Y,Y,N,Citations,The title$ authors$ and reference information for a citation are entered in this section. ,Y,M,1,Y,Y,N,Citations,The title$ authors$ and reference information for a citation are entered in this section. 3,assembly_supercategory,50,chem_comp,chem_comp,N,MC,,Y,Y,,,O,O,O,O,M,M,H,H,H,H,H,H,?,,Ligands$ cofactors$ etc.,Enter a description for each chemically unique ligand molecule or non-standard biopolymer residue (chemical component) in the molecular system. If the chemical component exists in the PDB Ligand Depot$ simply enter the PDB chemical component ID for the compound in the appropriate field and click on the 'Save Changes' button. More help can be found <a href='http://www.bmrb.wisc.edu/deposit/mol_assembly' TARGET='_blank'> here </a>.,Y,M,,Y,Y,H,Chemical compound,Enter a description for the metabolite or chemical compound that has been studied. If the chemical compound exists in the PDB Ligand Depot$ simply enter the PDB chemical component ID for the compound in the appropriate field and click on the 'Save Changes' button. More help can be found <a href='http://www.bmrb.wisc.edu/deposit/mol_assembly' TARGET='_blank'> here </a>.,Y,M,,Y,Y,H,Chemical compound,Enter a description for the metabolite or chemical compound that has been studied. If the chemical compound exists in the PDB Ligand Depot$ simply enter the PDB chemical component ID for the compound in the appropriate field and click on the 'Save Changes' button. More help can be found <a href='http://www.bmrb.wisc.edu/deposit/mol_assembly' TARGET='_blank'> here </a>.3,assembly_supercategory,60,entity,entity,Y,M,1,Y,Y,,Entity_comp_index,M,M,M,M,M,M,N,H,H,H,H,H,?,,Molecular entity,A molecular entity is a chemically unique molecule (polymer or nonpolymer) in the system studied. For a homodimer$ a description of one monomer is required.  For a heterodimer (non palindromic DNA$ protein-protein complex$ DNA-RNA complex) or a biopolymer ligand complex$ both molecules need to be described by completing two molecular entity forms. For more complex molecular systems$ additional molecular entity forms may need to be filled out. Nonpolymers (ligands$ metal ions$ etc.) are described briefly here and more completely in the section for ligands. More help can be found <a href='http://www.bmrb.wisc.edu/deposit/mol_assembly' TARGET='_blank'> here </a>.,H,O,,Y,Y,H,Molecular entity,A molecular entity is a chemically unique molecule (polymer or nonpolymer) in the system studied. For a homodimer$ a description of one monomer is required.  For a heterodimer (non palindromic DNA$ protein-protein complex$ DNA-RNA complex) or a biopolymer ligand complex$ both molecules need to be described by completing two molecular entity forms. For more complex molecular systems$ additional molecular entity forms may need to be filled out. Nonpolymers (ligands$ metal ions$ etc.) are described briefly here and more completely in the section for ligands. More help can be found <a href='http://www.bmrb.wisc.edu/deposit/mol_assembly' TARGET='_blank'> here </a>.,H,O,,Y,Y,H,Molecular entity,A molecular entity is a chemically unique molecule (polymer or nonpolymer) in the system studied. For a homodimer$ a description of one monomer is required.  For a heterodimer (non palindromic DNA$ protein-protein complex$ DNA-RNA complex) or a biopolymer ligand complex$ both molecules need to be described by completing two molecular entity forms. For more complex molecular systems$ additional molecular entity forms may need to be filled out. Nonpolymers (ligands$ metal ions$ etc.) are described briefly here and more completely in the section for ligands. More help can be found <a href='http://www.bmrb.wisc.edu/deposit/mol_assembly' TARGET='_blank'> here </a>.3,assembly_supercategory,70,assembly,assembly,Y,M,1,Y,Y,,Entity_assembly,M,M,M,M,I,I,N,H,H,H,H,H,?,,Molecular assembly,The molecular assembly is the set of all molecules that make up the system studied. Simple examples include a single polypeptide chain$ a homodimer consisting of two components$ a duplex DNA system that has two components$ or protein ligand complex that has two components. A more detailed description for molecular assembly is found <a href='http://www.bmrb.wisc.edu/deposit/mol_assembly' TARGET='_blank'> here </a>.,H,O,,N,Y,H,Molecular assembly,The molecular assembly is the set of all molecules that make up the system studied. Simple examples include a single polypeptide chain$ a homodimer consisting of two components$ a duplex DNA system that has two components$ or protein ligand complex that has two components. A more detailed description for molecular assembly is found <a href='http://www.bmrb.wisc.edu/deposit/mol_assembly' TARGET='_blank'> here </a>.,H,O,,N,Y,H,Molecular assembly,The molecular assembly is the set of all molecules that make up the system studied. Simple examples include a single polypeptide chain$ a homodimer consisting of two components$ a duplex DNA system that has two components$ or protein ligand complex that has two components. A more detailed description for molecular assembly is found <a href='http://www.bmrb.wisc.edu/deposit/mol_assembly' TARGET='_blank'> here </a>.3,assembly_supercategory,80,assembly_annotation,assembly_annotation,H,O,,Y,Y,,,O,O,O,O,I,I,H,H,H,H,H,H,?,,Molecular assembly annotation,Authors may use this section to provide unique annotation for the molecular assembly studied.,H,O,,N,Y,H,Molecular assembly annotation,Authors may use this section to provide unique annotation for the molecular assembly studied.,H,O,,N,Y,H,Molecular assembly annotation,Authors may use this section to provide unique annotation for the molecular assembly studied.3,assembly_supercategory,90,assembly_subsystems,assembly_subsystems,H,O,,Y,Y,,,O,O,O,O,I,I,H,H,H,H,H,H,?,,Molecular assembly subsystem descriptions,Subsystems of the complete molecular assembly may be defined using this section.,H,O,,Y,Y,H,Molecular assembly subsystem descriptions,Subsystems of the complete molecular assembly may be defined using this section.,H,O,,Y,Y,H,Molecular assembly subsystem descriptions,Subsystems of the complete molecular assembly may be defined using this section.3,assembly_supercategory,100,natural_source,natural_source,Y,M,1,N,N,natural_source,Entity_natural_src,M,M,M,M,I,I,N,H,H,H,H,H,?,,Natural source,Provide the natural source for all biopolymers in the molecular assembly that was studied.  The natural source for organic and inorganic ligands is not required.,H,O, ,N,N,H,Natural source,Provide the natural source for all biopolymers in the molecular assembly that was studied.  The natural source for organic and inorganic ligands is not required.,H,O, ,N,N,H,Natural source,Provide the natural source for all biopolymers in the molecular assembly that was studied.  The natural source for organic and inorganic ligands is not required.3,assembly_supercategory,110,experimental_source,experimental_source,Y,M,1,N,N,experimental_source,Entity_experimental_src,M,M,M,M,I,I,N,H,H,H,H,H,?,,Experimental source,Enter the source used to produce the biopolymers studied in this entry.  In most cases$ this would be the host organism and plasmid used to overproduce a protein. If the biopolymer was chemically synthesized or purchased from a vendor$ please make the appropriate selection in the production method field and then click on 'Save changes'. This will modify the number and types of data fields that appear in the interface.,H,O, ,N,N,H,Experimental source,Enter the source used to produce the biopolymers studied in this entry.  In most cases$ this would be the host organism and plasmid used to over produce a protein. If the biopolymer was chemically synthesized or purchased from a vendor$ please make the appropriate selection in the production method field and then click on 'Save changes'. This will modify the number and types of data fields that appear in the interface.,H,O, ,N,N,H,Experimental source,Enter the source used to produce the biopolymers studied in this entry.  In most cases$ this would be the host organism and plasmid used to over produce a protein. If the biopolymer was chemically synthesized or purchased from a vendor$ please make the appropriate selection in the production method field and then click on 'Save changes'. This will modify the number and types of data fields that appear in the interface.4,experimental_details,130,sample,sample,Y,M,,Y,Y,,Sample_component,M,M,M,M,M,M,N,H,H,H,H,H,?,,Sample,Enter the complete contents for each sample used in the study.  This includes the molecules in the study (biopolymers and ligands)$ buffers$ salts$ and additives such as DTT$ etc.,Y,M,,Y,Y,N,Sample,Enter the complete contents for each sample used in the study.  This includes the molecules in the study (biopolymers and ligands)$ buffers$ salts$ and additives such as DTT$ etc.,Y,M,,Y,Y,N,Sample,Enter the complete contents for each sample used in the study.  This includes the molecules in the study (biopolymers and ligands)$ buffers$ salts$ and additives such as DTT$ etc.4,experimental_details,140,sample_conditions,sample_conditions,Y,M,,Y,Y,,Sample_condition_variable,M,M,M,M,M,M,N,H,H,H,H,H,?,,Sample conditions,Provide at least the pH and temperature for each set of conditions used to collect the data listed in the entry.,Y,M,,Y,Y,N,Sample conditions,Provide at least the pH and temperature for each set of conditions used to collect the data listed in the entry.,Y,M,,Y,Y,N,Sample conditions,Provide at least the pH and temperature for each set of conditions used to collect the data listed in the entry.4,experimental_details,141,molecule_purity,molecule_purity,N,S,,Y,N,sample_mol_purity,,O,O,O,O,O,O,H,H,H,H,H,H,?,,Sample content purity,Enter the measured purity of each unique biopolymer in the samples used and define the method used to measure purity.,N,S,,Y,N,H,Sample content purity,Enter the measured purity of each unique biopolymer in the samples used and define the method used to measure purity.,N,S,,Y,N,H,Sample content purity,Enter the measured purity of each unique biopolymer in the samples used and define the method used to measure purity.4,experimental_details,142,software,software,N,S,,Y,Y,,,O,O,O,O,O,O,N,H,H,H,H,H,?,,Software descriptions,Provide information for each software application used (name$ version$ vendor$ etc.).,N,S,,Y,Y,N,Software descriptions,Provide information for each software application used (name$ version$ vendor$ etc.).,N,S,,Y,Y,N,Software descriptions,Provide information for each software application used (name$ version$ vendor$ etc.).4,experimental_details,143,method,method,N,S,,Y,Y,,,O,O,O,O,O,O,H,H,H,H,H,H,?,,Methods,Please enter details about the methods used at any stage in the generation of the data provided in this entry.  The reported methods can be linked to many sections of the depositon including sample preparation$ NMR experiments and data processing$ and data analysis.,N,O,,Y,Y,H,Methods,Please enter details about the methods used at any stage in the generation of the data provided in this entry.  The reported methods can be linked to many sections of the depositon including sample preparation$ NMR experiments and data processing$ and data analysis.,N,O,,Y,Y,H,Methods,Please enter details about the methods used at any stage in the generation of the data provided in this entry.  The reported methods can be linked to many sections of the depositon including sample preparation$ NMR experiments and data processing$ and data analysis.4,experimental_details,144,Mass_spectrometer,Mass_spectrometer,N,O,,Y,Y,,,O,O,O,O,O,O,H,H,H,H,H,H,?,,Mass spectrometer,Enter details describing the mass spectrometers used.,N,O,,Y,Y,H,Mass spectrometer,help text,N,O,,Y,Y,H,Mass spectrometer,help text4,experimental_details,145,Mass_spectrometer_list,Mass_spectrometer_list,N,O,,N,N,Mass_spectrometer_list,,O,O,O,O,O,O,H,H,H,H,H,H,?,,Mass spectrometer list,Provide a list of the Mass spectrometers used.,N,O,,N,N,H,Mass spectrometer list,help text,N,O,,N,N,H,Mass spectrometer list,help text4,experimental_details,146,Mass_spec_ref_compd,Mass_spec_ref_compd,N,O,,Y,Y,,,O,O,O,O,O,O,H,H,H,H,H,H,?,,Mass spectral reference compounds,List information describing the chemical compounds used as references in carrying out the mass analysis.,N,O,,Y,Y,H,Mass spectral reference compounds,help text,N,O,,Y,Y,H,Mass spectral reference compounds,help text4,experimental_details,147,chromatographic_system,chromatographic_system,N,O,,Y,Y,,,O,O,O,O,O,O,H,H,H,H,H,H,?,,Chromatographic system,Enter a description of the chromatographic system(s) used.,N,O,,Y,Y,H,Chromatographic system,help text,N,O,,Y,Y,H,Chromatographic system,help text4,experimental_details,148,chromatographic_column,chromatographic_column,N,O,,Y,Y,,,O,O,O,O,O,O,H,H,H,H,H,H,?,,Chromatographic column,help text,N,O,,Y,Y,H,Chromatographic column,help text,N,O,,Y,Y,H,Chromatographic column,help text4,experimental_details,149,fluorescence_instrument,fluorescence_instrument,N,O,,Y,Y,,,O,O,O,O,O,O,H,H,H,H,H,H,?,,Fluorescence instrument,help text,N,O,,Y,Y,H,Fluorescence instrument,help text,N,O,,Y,Y,H,Fluorescence instrument,help text4,experimental_details,150,EMR_instrument,EMR_instrument,N,O,,Y,Y,,,O,O,O,O,O,O,H,H,H,H,H,H,?,,EMR instrument,help text,N,O,,Y,Y,H,EMR instrument,help text,N,O,,Y,Y,H,EMR instrument,help text4,experimental_details,151,Xray_instrument,Xray_instrument,N,O,,Y,Y,,,O,O,O,O,O,O,H,H,H,H,H,H,?,,Xray instrument,help text,N,O,,Y,Y,H,Xray instrument,help text,N,O,,Y,Y,H,Xray instrument,help text4,experimental_details,155,NMR_spectrometer,NMR_spectrometer,N,S,,Y,Y,,,O,O,O,O,O,O,H,H,H,H,H,H,?,,NMR spectrometer,Provide details describing the NMR spectrometer(s) used.,N,S,,Y,Y,H,NMR spectrometer,help text,N,S,,Y,Y,H,NMR spectrometer,help text4,experimental_details,156,NMR_spectrometer_list,NMR_spectrometer_list,N,S,,N,N,NMR_spectrometer_list,,O,O,O,O,O,O,N,H,H,H,H,H,?,,NMR spectrometer list,Provide a list of the NMR spectrometers used.,N,M,,N,N,N,NMR spectrometer list,Provide a list of the NMR spectrometers used.,N,M,,N,N,N,NMR spectrometer list,Provide a list of the NMR spectrometers used.4,experimental_details,157,NMR_spectrometer_probe,NMR_spectrometer_probe,N,S,,Y,Y,,,O,O,O,O,O,O,H,H,H,H,H,H,?,,NMR probe descriptions,NMR spectrometer probes are listed and described in this section.,N,S,,Y,Y,H,NMR probe descriptions,NMR spectrometer probes are listed and described in this section.,N,S,,Y,Y,H,NMR probe descriptions,NMR spectrometer probes are listed and described in this section.4,experimental_details,158,experiment_list,experiment_list,N,MC,,N,N,experiment_list,Experiment,M,M,O,M,M,M,N,H,H,H,H,H,?,,NMR experiments and samples,Please provide a list of the NMR experiments carried out and indicate the sample and sample conditions used for each experiment. If the same NMR experiment was carried out with two or more different samples or two or more different sample conditions$ enter a new row in the table below for each combination of NMR experiment$ sample$ and sample condition used.,N,M,,N,N,N,NMR experiments and samples,Please provide a list of the NMR experiments carried out and indicate the sample and sample conditions used for each experiment. If the same NMR experiment was carried out with two or more different samples or two or more different sample conditions$ enter a new row in the table below for each combination of NMR experiment$ sample$ and sample condition used.,N,M,,N,N,N,NMR experiments and samples,Please provide a list of the NMR experiments carried out and indicate the sample and sample conditions used for each experiment. If the same NMR experiment was carried out with two or more different samples or two or more different sample conditions$ enter a new row in the table below for each combination of NMR experiment$ sample$ and sample condition used.4,experimental_details,159,NMR_spectrometer_expt,NMR_spectrometer_expt,N,S,,Y,Y,,,O,O,O,M,O,O,N,H,H,H,H,H,?,,NMR experiment details,Enter specific details regarding each NMR experiment here.,N,O,,Y,Y,N,NMR experiment details,Enter specific details regarding each NMR experiment here.,N,O,,Y,Y,N,NMR experiment details,Enter specific details regarding each NMR experiment here.4,experimental_details,160,NMR_spectral_processing,NMR_spectral_processing,N,S,,Y,Y,,,O,O,O,O,O,O,H,H,H,H,H,H,?,,NMR spectral processing protocols,Enter specific details about the protocols used to process the raw NMR spectral data sets.,N,O,,Y,Y,H,NMR spectral processing protocols,Enter specific details about the protocols used to process the raw NMR spectral data sets.,N,O,,Y,Y,H,NMR spectral processing protocols,Enter specific details about the protocols used to process the raw NMR spectral data sets.4,experimental_details,161,MS_expt,MS_expt,N,O,,Y,Y,,,O,O,O,O,O,O,H,H,H,H,H,H,?,,Mass spect experiment details,help text,N,O,,Y,Y,H,Mass spect experiment details,help text,N,O,,Y,Y,H,Mass spect experiment details,help text4,experimental_details,162,FRET_expt,FRET_expt,N,O,,Y,Y,,,O,O,O,O,O,O,H,H,H,H,H,H,?,,Fluorescence experiment details,help text,N,O,,Y,Y,H,Fluorescence experiment details,help text,N,O,,Y,Y,H,Fluorescence experiment details,help text4,experimental_details,163,EMR_expt,EMR_expt,N,O,,Y,Y,,,O,O,O,O,O,O,H,H,H,H,H,H,?,,Electron magnetic resonance experiment details,help text,N,O,,Y,Y,H,Electron magnetic resonance experiment details,help text,N,O,,Y,Y,H,Electron magnetic resonance experiment details,help text4,experimental_details,164,SAXS_expt,SAXS_expt,N,O,,Y,Y,,,O,O,O,O,O,O,H,H,H,H,H,H,?,,Small-angle X-ray scattering experiment details,help text,N,O,,Y,Y,H,Small-angle X-ray scattering experiment details,help text,N,O,,Y,Y,H,Small-angle X-ray scattering experiment details,help text4,experimental_details,167,computer,computer,N,O,,Y,Y,,,O,O,O,O,O,O,H,H,H,H,H,H,?,,Computer hardware description,Enter details regarding the computer hardware used to collect$ process$ and analyze the data reported.,N,O,,Y,Y,H,Computer hardware description,Enter details regarding the computer hardware used to collect$ process$ and analyze the data reported.,N,O,,Y,Y,H,Computer hardware description,Enter details regarding the computer hardware used to collect$ process$ and analyze the data reported.5,NMR_parameters,168,chem_shift_reference,chem_shift_reference,N,MC,,Y,Y,,Chem_shift_ref,O,O,O,O,O,O,H,H,H,H,H,H,?,,Chemical shift references,<B>Accurate chemical shift referencing is critical. Indicate below the nuclei reported (1H$ 13C$ 15N$ etc.) and If the IUPAC recommend chemical shift referencing method was used and then save the page. If other referencing compounds or methods were used$ enter the information in the table provided.</B> ,N,MC,,Y,Y,H,Chemical shift references,<B>Accurate chemical shift referencing is critical. Indicate below the nuclei reported (1H$ 13C$ 15N$ etc.) and If the IUPAC recommend chemical shift referencing method was used and then save the page. If other referencing compounds or methods were used$ enter the information in the table provided.</B> ,N,MC,,Y,Y,H,Chemical shift references,<B>Accurate chemical shift referencing is critical. Indicate below the nuclei reported (1H$ 13C$ 15N$ etc.) and If the IUPAC recommend chemical shift referencing method was used and then save the page. If other referencing compounds or methods were used$ enter the information in the table provided.</B> 5,NMR_parameters,170,assigned_chemical_shifts,assigned_chemical_shifts,N,MC,,Y,Y,,Atom_chem_shift,O,O,O,O,O,O,H,H,H,H,H,H,?,,Assigned chemical shifts,Please supply the file name$ samples$ conditions$ and NMR experiments used to collect the data in the uploaded assigned chemical shift data file.,N,MC,,Y,Y,H,Assigned chemical shifts,Please supply the file name$ samples$ conditions$ and NMR experiments used to collect the data in the uploaded assigned chemical shift data file.,N,MC,,Y,Y,H,Assigned chemical shifts,Please supply the file name$ samples$ conditions$ and NMR experiments used to collect the data in the uploaded assigned chemical shift data file.5,NMR_parameters,172,coupling_constants,coupling_constants,N,MC,,Y,Y,,Coupling_constant,O,O,O,O,O,O,H,H,H,H,H,H,?,,Coupling constants,For each set of scalar coupling constants deposited$ provide the experimental details (the uploaded file name$ samples$ conditions$ and NMR experiments$ etc.).,N,MC,,Y,Y,H,Coupling constants,For each set of scalar coupling constants deposited$ provide the experimental details (the uploaded file name$ samples$ conditions$ and NMR experiments$ etc.).,N,MC,,Y,Y,H,Coupling constants,For each set of scalar coupling constants deposited$ provide the experimental details (the uploaded file name$ samples$ conditions$ and NMR experiments$ etc.).5,NMR_parameters,174,spectral_peak_list,spectral_peak_list,N,MC,,Y,Y,,Peak or Spectral_transition,O,O,O,O,O,O,H,H,H,H,H,H,?,,Spectral peak lists,Information linking the uploaded peak list files to the source NMR experiment and other details is entered in this form.,N,MC,,Y,Y,H,Spectral peak lists,Information linking the uploaded peak list files to the source NMR experiment and other details is entered in this form.,N,MC,,Y,Y,H,Spectral peak lists,Information linking the uploaded peak list files to the source NMR experiment and other details is entered in this form.5,NMR_parameters,178,resonance_linker,resonance_linker,N,MC,,Y,Y,,Resonance_assignment,O,O,O,O,O,O,H,H,H,H,H,H,?,,Data derivation,help text,N,MC,,Y,Y,H,Data derivation,help text,N,MC,,Y,Y,H,Data derivation,help text5,NMR_parameters,190,chem_shift_isotope_effect,chem_shift_isotope_effect,N,MC,,Y,Y,,Isotope_effect,O,O,O,O,O,O,H,H,H,H,H,H,?,,Chemical shift isotope effects,The details describing experiments measuring the effects of isotopic nuclear substitutions on the chemical shfits of neighboring nuclei are entered in this section.,N,MC,,Y,Y,H,Chemical shift isotope effects,The details describing experiments measuring the effects of isotopic nuclear substitutions on the chemical shfits of neighboring nuclei are entered in this section.,N,MC,,Y,Y,H,Chemical shift isotope effects,The details describing experiments measuring the effects of isotopic nuclear substitutions on the chemical shfits of neighboring nuclei are entered in this section.5,NMR_parameters,200,chem_shift_interaction_diff,chem_shift_interaction_diff,N,MC,,Y,Y,,Mol_interaction_chem_shift,O,O,O,O,O,O,H,H,H,H,H,H,?,,Molecular interaction data,The results of molecular interaction studies that involve the effects on the chemical shifts of atoms in one or both of the interacting molecules are described in this section.,N,MC,,Y,Y,H,Molecular interaction data,The results of molecular interaction studies that involve the effects on the chemical shifts of atoms in one or both of the interacting molecules are described in this section.,N,MC,,Y,Y,H,Molecular interaction data,The results of molecular interaction studies that involve the effects on the chemical shifts of atoms in one or both of the interacting molecules are described in this section.5,NMR_parameters,210,chem_shift_anisotropy,chem_shift_anisotropy,N,MC,,Y,Y,,CS_anisotropy,O,O,O,O,O,O,H,H,H,H,H,H,?,,Chemical shift anisotropy,Please enter the name of the uploaded file containing the chemical shift anisotropy data and the samples and sample conditions used to collect the data.,N,MC,,Y,Y,H,Chemical shift anisotropy,Please enter the name of the uploaded file containing the chemical shift anisotropy data and the samples and sample conditions used to collect the data.,N,MC,,Y,Y,H,Chemical shift anisotropy,Please enter the name of the uploaded file containing the chemical shift anisotropy data and the samples and sample conditions used to collect the data.5,NMR_parameters,220,theoretical_chem_shifts,theoretical_chem_shifts,N,MC,,Y,Y,,Theoretical_chem_shift,O,O,O,O,O,O,H,H,H,H,H,H,?,,Theoretical chemical shifts,Theoretical chemical shift values are derived either by empirical methods$ ab initio calculations$ or a combination of the two approaches. Please enter a label for the reported values$ the file name for the data$ the method used to calculate the chemical shifts$ the atomic coordinates used$ the label for the chemical shielding tensors$ if calculated$ and for paramagnetic systems$ fermi contact spin density units.,N,MC,,Y,Y,H,Theoretical chemical shifts,Theoretical chemical shift values are derived either by empirical methods$ ab initio calculations$ or a combination of the two approaches. Please enter a label for the reported values$ the file name for the data$ the method used to calculate the chemical shifts$ the atomic coordinates used$ the label for the chemical shielding tensors$ if calculated$ and for paramagnetic systems$ fermi contact spin density units.,N,MC,,Y,Y,H,Theoretical chemical shifts,Theoretical chemical shift values are derived either by empirical methods$ ab initio calculations$ or a combination of the two approaches. Please enter a label for the reported values$ the file name for the data$ the method used to calculate the chemical shifts$ the atomic coordinates used$ the label for the chemical shielding tensors$ if calculated$ and for paramagnetic systems$ fermi contact spin density units.5,NMR_parameters,230,chem_shifts_calc_type,chem_shifts_calc_type,N,MC,,Y,Y,,,O,O,O,O,O,O,H,H,H,H,H,H,?,,Chemical shift calculation type,Please supply the details requested regarding the type of calculation method used to determine the theoretical chemical shifts.,N,MC,,Y,Y,H,Chemical shift calculation type,Please supply the details requested regarding the type of calculation method used to determine the theoretical chemical shifts.,N,MC,,Y,Y,H,Chemical shift calculation type,Please supply the details requested regarding the type of calculation method used to determine the theoretical chemical shifts.5,NMR_parameters,270,RDCs,RDCs,N,MC,,Y,Y,,RDC,O,O,O,O,O,O,H,H,H,H,H,H,?,,Residual dipolar couplings,Details regarding the experiments used to collect residual dipolar coupling data are reported below. This includes the spectrometer frequency$ and the isotropic and anisotropic sample and sample conditions.,N,MC,,Y,Y,H,Residual dipolar couplings,Details regarding the experiments used to collect residual dipolar coupling data are reported below. This includes the spectrometer frequency$ and the isotropic and anisotropic sample and sample conditions.,N,MC,,Y,Y,H,Residual dipolar couplings,Details regarding the experiments used to collect residual dipolar coupling data are reported below. This includes the spectrometer frequency$ and the isotropic and anisotropic sample and sample conditions.5,NMR_parameters,274,dipolar_couplings,dipolar_couplings,N,MC,,Y,Y,,Dipolar_coupling,O,O,O,O,O,O,H,H,H,H,H,H,?,,Dipolar couplings,Please enter the information requested below regarding the experimental details for the deposited dipolar coupling data.,N,MC,,Y,Y,H,Dipolar couplings,Please enter the information requested below regarding the experimental details for the deposited dipolar coupling data.,N,MC,,Y,Y,H,Dipolar couplings,Please enter the information requested below regarding the experimental details for the deposited dipolar coupling data.5,NMR_parameters,280,spectral_density_values,spectral_density_values,N,MC,,Y,Y,,Spectral_density,O,O,O,O,O,O,H,H,H,H,H,H,?,,Spectral density values,Enter a label for each set of reported spectral density values$ the name of the file containing the data$ links to the sample(s) and sample conditions used to collect the data$ and other experimental details.,N,MC,,Y,Y,H,Spectral density values,Enter a label for each set of reported spectral density values$ the name of the file containing the data$ links to the sample(s) and sample conditions used to collect the data$ and other experimental details.,N,MC,,Y,Y,H,Spectral density values,Enter a label for each set of reported spectral density values$ the name of the file containing the data$ links to the sample(s) and sample conditions used to collect the data$ and other experimental details.5,NMR_parameters,320,other_data_types,other_data_types,N,MC,,Y,Y,,Other_data,O,O,O,O,O,O,H,H,H,H,H,H,?,,Other types of Data,If data are being deposited that do not fit any of the categories listed in the entry interview$ details about the data$ a brief description of the kind of information collected$ the samples and NMR experiments used are entered in this section.,N,MC,,Y,Y,H,Other types of Data,If data are being deposited that do not fit any of the categories listed in the entry interview$ details about the data$ a brief description of the kind of information collected$ the samples and NMR experiments used are entered in this section.,N,MC,,Y,Y,H,Other types of Data,If data are being deposited that do not fit any of the categories listed in the entry interview$ details about the data$ a brief description of the kind of information collected$ the samples and NMR experiments used are entered in this section.6,kinetics,325,chemical_rates,chemical_rates,N,MC,,Y,Y,,Chemical_rate,O,O,O,O,O,O,H,H,H,H,H,H,?,,General chemical rate data,Please enter the name of the uploaded file containng the rate values and links to the samples and sample conditions used to collect the data.,N,MC,,Y,Y,H,General chemical rate data,Please enter the name of the uploaded file containng the rate values and links to the samples and sample conditions used to collect the data.,N,MC,,Y,Y,H,General chemical rate data,Please enter the name of the uploaded file containng the rate values and links to the samples and sample conditions used to collect the data.6,kinetics,330,H_exch_rates,H_exch_rates,N,MC,,Y,Y,,H_exch_rate,O,O,O,O,O,O,H,H,H,H,H,H,?,,H-exchange rates,Please enter the name of the uploaded file containng the hydrogen exchange rate values and links to the samples and sample conditions used to collect the data.,N,MC,,Y,Y,H,H-exchange rates,Please enter the name of the uploaded file containng the hydrogen exchange rate values and links to the samples and sample conditions used to collect the data.,N,MC,,Y,Y,H,H-exchange rates,Please enter the name of the uploaded file containng the hydrogen exchange rate values and links to the samples and sample conditions used to collect the data.6,kinetics,340,H_exch_protection_factors,H_exch_protection_factors,N,MC,,Y,Y,,H_exch_protection_factor,O,O,O,O,O,O,H,H,H,H,H,H,?,,H-exchange protection factors,Please provide the name of the uploaded file containing the hydrogen exchange protection factors and links to the samples and sample conditions used to collect the data.,N,MC,,Y,Y,H,H-exchange protection factors,Please provide the name of the uploaded file containing the hydrogen exchange protection factors and links to the samples and sample conditions used to collect the data.,N,MC,,Y,Y,H,H-exchange protection factors,Please provide the name of the uploaded file containing the hydrogen exchange protection factors and links to the samples and sample conditions used to collect the data.6,kinetics,350,homonucl_NOEs,homonucl_NOEs,N,MC,,Y,Y,,Homonucl_NOE,O,O,O,O,O,O,H,H,H,H,H,H,?,,Homonuclear NOEs,Do not use this section to enter information about NOE restraint data used to calculate three-dimensional structures. For other NOE data$ please enter the information requested including links to samples$ sample conditions$ other experimental details relevant to the reported homonuclear NOE data.. ,N,MC,,Y,Y,H,Homonuclear NOEs,Do not use this section to enter information about NOE restraint data used to calculate three-dimensional structures. For other NOE data$ please enter the information requested including links to samples$ sample conditions$ other experimental details relevant to the reported homonuclear NOE data.. ,N,MC,,Y,Y,H,Homonuclear NOEs,Do not use this section to enter information about NOE restraint data used to calculate three-dimensional structures. For other NOE data$ please enter the information requested including links to samples$ sample conditions$ other experimental details relevant to the reported homonuclear NOE data.. 6,kinetics,360,heteronucl_NOEs,heteronucl_NOEs,N,MC,,Y,Y,,Heteronucl_NOE,O,O,O,O,O,O,H,H,H,H,H,H,?,,Heteronuclear NOEs,Please provide a label for each set of deposited heteronuclear NOE data$ the name of the file containing the data$ links to the samples and sample conditions used$ and other experimental details.,N,MC,,Y,Y,H,Heteronuclear NOEs,Please provide a label for each set of deposited heteronuclear NOE data$ the name of the file containing the data$ links to the samples and sample conditions used$ and other experimental details.,N,MC,,Y,Y,H,Heteronuclear NOEs,Please provide a label for each set of deposited heteronuclear NOE data$ the name of the file containing the data$ links to the samples and sample conditions used$ and other experimental details.6,kinetics,400,heteronucl_T1_relaxation,heteronucl_T1_relaxation,N,MC,,Y,Y,,T1,O,O,O,O,O,O,H,H,H,H,H,H,?,,Heteronuclear T1 data,Please enter a label for each set of heteronuclear T1 relaxation data deposited$ the name of the file containing the data$ the names of the sections for the sample descriptions and sample conditions$ and information describing the T1 values.,N,MC,,Y,Y,H,Heteronuclear T1 data,Please enter a label for each set of heteronuclear T1 relaxation data deposited$ the name of the file containing the data$ the names of the sections for the sample descriptions and sample conditions$ and information describing the T1 values.,N,MC,,Y,Y,H,Heteronuclear T1 data,Please enter a label for each set of heteronuclear T1 relaxation data deposited$ the name of the file containing the data$ the names of the sections for the sample descriptions and sample conditions$ and information describing the T1 values.6,kinetics,410,heteronucl_T1rho_relaxation,heteronucl_T1rho_relaxation,N,MC,,Y,Y,,T1rho,O,O,O,O,O,O,H,H,H,H,H,H,?,,Heteronuclear T1rho data,Create a form for each set of T1rho data that is being deposited. For each set$ provide the name of the deposited file containing the data set$ links to the samples used$ sample conditions$ and specific details about the parameters used to collect the data.,N,MC,,Y,Y,H,Heteronuclear T1rho data,Create a form for each set of T1rho data that is being deposited. For each set$ provide the name of the deposited file containing the data set$ links to the samples used$ sample conditions$ and specific details about the parameters used to collect the data.,N,MC,,Y,Y,H,Heteronuclear T1rho data,Create a form for each set of T1rho data that is being deposited. For each set$ provide the name of the deposited file containing the data set$ links to the samples used$ sample conditions$ and specific details about the parameters used to collect the data.6,kinetics,420,heteronucl_T2_relaxation,heteronucl_T2_relaxation,N,MC,,Y,Y,,T2,O,O,O,O,O,O,H,H,H,H,H,H,?,,Heteronuclear T2 data,Create a form for each set of T2 data that is being deposited. For each set$ provide the name of the deposited file containing the data set$ links to the samples used$ sample conditions$ and specific details about the parameters used to collect the data.,N,MC,,Y,Y,H,Heteronuclear T2 data,Create a form for each set of T2 data that is being deposited. For each set$ provide the name of the deposited file containing the data set$ links to the samples used$ sample conditions$ and specific details about the parameters used to collect the data.,N,MC,,Y,Y,H,Heteronuclear T2 data,Create a form for each set of T2 data that is being deposited. For each set$ provide the name of the deposited file containing the data set$ links to the samples used$ sample conditions$ and specific details about the parameters used to collect the data.6,kinetics,422,auto_relaxation,auto_relaxation,N,MC,,Y,Y,,Auto_relaxation,O,O,O,O,O,O,H,H,H,H,H,H,?,,Auto relaxation data,Create a form for each set of relaxation data that is being deposited. For each set$ provide the name of the deposited file containing the data set$ links to the samples used$ sample conditions$ and specific details about the parameters used to collect the data.,N,MC,,Y,Y,H,Auto relaxation data,Create a form for each set of relaxation data that is being deposited. For each set$ provide the name of the deposited file containing the data set$ links to the samples used$ sample conditions$ and specific details about the parameters used to collect the data.,N,MC,,Y,Y,H,Auto relaxation data,Create a form for each set of relaxation data that is being deposited. For each set$ provide the name of the deposited file containing the data set$ links to the samples used$ sample conditions$ and specific details about the parameters used to collect the data.6,kinetics,430,dipole_dipole_relaxation,dipole_dipole_relaxation,N,MC,,Y,Y,,Dipole_dipole_relax,O,O,O,O,O,O,H,H,H,H,H,H,?,,Dipole-Dipole relaxation data,For each set of dipole-dipole relaxation data$ create a new form and supply the labels for the samples used$ sample conditions$ and other experimental details.,N,MC,,Y,Y,H,Dipole-Dipole relaxation data,For each set of dipole-dipole relaxation data$ create a new form and supply the labels for the samples used$ sample conditions$ and other experimental details.,N,MC,,Y,Y,H,Dipole-Dipole relaxation data,For each set of dipole-dipole relaxation data$ create a new form and supply the labels for the samples used$ sample conditions$ and other experimental details.6,kinetics,440,dipole_dipole_cross_correlations,dipole_dipole_cross_correlations,N,MC,,Y,Y,,Cross_correlation_DD,O,O,O,O,O,O,H,H,H,H,H,H,?,,Dipole-Dipole cross correlation relaxation,For each set of dipole-dipole cross correlation relaxation data$ create a new form and supply the labels for the samples used$ sample conditions$ and other experimental details.,N,MC,,Y,Y,H,Dipole-Dipole cross correlation relaxation,For each set of dipole-dipole cross correlation relaxation data$ create a new form and supply the labels for the samples used$ sample conditions$ and other experimental details.,N,MC,,Y,Y,H,Dipole-Dipole cross correlation relaxation,For each set of dipole-dipole cross correlation relaxation data$ create a new form and supply the labels for the samples used$ sample conditions$ and other experimental details.6,kinetics,450,dipole_CSA_cross_correlations,dipole_CSA_cross_correlations,N,MC,,Y,Y,,Cross_correlation_D_CSA,O,O,O,O,O,O,H,H,H,H,H,H,?,,Dipole-CSA cross correlation relaxation,Create a form for each set of dipole-CSA cross correlation data and provide the links to the samples used$ sampleconditions$ and other experimental parameters used to collect the data.,N,MC,,Y,Y,H,Dipole-CSA cross correlation relaxation,Create a form for each set of dipole-CSA cross correlation data and provide the links to the samples used$ sampleconditions$ and other experimental parameters used to collect the data.,N,MC,,Y,Y,H,Dipole-CSA cross correlation relaxation,Create a form for each set of dipole-CSA cross correlation data and provide the links to the samples used$ sampleconditions$ and other experimental parameters used to collect the data.7,thermodynamics,470,order_parameters,order_parameters,N,MC,,Y,Y,,Order_param,O,O,O,O,O,O,H,H,H,H,H,H,?,,Order parameters,Please enter a label for each set of order parameter data and the name of the deposited file that contains the data. Also provide links to the sample(s) and sample conditions used to collect the data. ,N,MC,,Y,Y,H,Order parameters,Please enter a label for each set of order parameter data and the name of the deposited file that contains the data. Also provide links to the sample(s) and sample conditions used to collect the data. ,N,MC,,Y,Y,H,Order parameters,Please enter a label for each set of order parameter data and the name of the deposited file that contains the data. Also provide links to the sample(s) and sample conditions used to collect the data. 7,thermodynamics,480,pH_titration,pH_titration,N,MC,,Y,Y,,PH_titr_result,O,O,O,O,O,O,H,H,H,H,H,H,?,,pKa values,Please supply a label for each set of pKa or pHmid values reported$ the name of the file containing the data$ and links to the sample(s) and sample conditions used to collect the data. ,N,MC,,Y,Y,H,pKa values,Please supply a label for each set of pKa or pHmid values reported$ the name of the file containing the data$ and links to the sample(s) and sample conditions used to collect the data. ,N,MC,,Y,Y,H,pKa values,Please supply a label for each set of pKa or pHmid values reported$ the name of the file containing the data$ and links to the sample(s) and sample conditions used to collect the data. 7,thermodynamics,490,pH_param_list,pH_param_list,N,MC,,Y,Y,,PH_param,O,O,O,O,O,O,H,H,H,H,H,H,?,,pKa parameter data sets,Enter a label for each set of pH titration data deposited$ the name of the uploaded file containing the data$ and a link to the reported pKa or pHmid values calculated from the data.,N,MC,,Y,Y,H,pKa parameter data sets,Enter a label for each set of pH titration data deposited$ the name of the uploaded file containing the data$ and a link to the reported pKa or pHmid values calculated from the data.,N,MC,,Y,Y,H,pKa parameter data sets,Enter a label for each set of pH titration data deposited$ the name of the uploaded file containing the data$ and a link to the reported pKa or pHmid values calculated from the data.7,thermodynamics,500,D_H_fractionation_factors,D_H_fractionation_factors,N,MC,,Y,Y,,D_H_fractionation_factor,O,O,O,O,O,O,H,H,H,H,H,H,?,,D/H fractionation factors,Please enter the information required to link the deposited set of deuterium/hydrogen fractionation factors with the file name$ sample conditions$ and samples used for the data.,N,MC,,Y,Y,H,D/H fractionation factors,Please enter the information required to link the deposited set of deuterium/hydrogen fractionation factors with the file name$ sample conditions$ and samples used for the data.,N,MC,,Y,Y,H,D/H fractionation factors,Please enter the information required to link the deposited set of deuterium/hydrogen fractionation factors with the file name$ sample conditions$ and samples used for the data.7,thermodynamics,525,binding_data,binding_data,N,MC,,Y,Y,,Binding_result,O,O,O,O,O,O,H,H,H,H,H,H,?,,Binding data,Please supply a label for each set of binding constant values reported$ the name of the file containing the data$ and links to the sample(s) and sample conditions used to collect the data. ,N,MC,,Y,Y,H,Binding data,Please supply a label for each set of binding constant values reported$ the name of the file containing the data$ and links to the sample(s) and sample conditions used to collect the data. ,N,MC,,Y,Y,H,Binding data,Please supply a label for each set of binding constant values reported$ the name of the file containing the data$ and links to the sample(s) and sample conditions used to collect the data. 7,thermodynamics,530,binding_param_list,binding_param_list,N,MC,,Y,Y,,Binding_param,O,O,O,O,O,O,H,H,H,H,H,H,?,,Binding data parameters,Enter a label for each set of binding titration data deposited$ the name of the uploaded file containing the data$ and a link to the reported binding constant values calculated from the data.,N,MC,,Y,Y,H,Binding data parameters,Enter a label for each set of binding titration data deposited$ the name of the uploaded file containing the data$ and a link to the reported binding constant values calculated from the data.,N,MC,,Y,Y,H,Binding data parameters,Enter a label for each set of binding titration data deposited$ the name of the uploaded file containing the data$ and a link to the reported binding constant values calculated from the data.8,structure,550,deduced_secd_struct_features,deduced_secd_struct_features,N,MC,,Y,Y,,Deduced_secd_struct_exptl,O,O,O,O,O,O,H,H,H,H,H,H,?,,Secondary structure features,help text,N,MC,,Y,Y,H,Secondary structure features,help text,N,MC,,Y,Y,H,Secondary structure features,help text8,structure,560,deduced_hydrogen_bonds,deduced_hydrogen_bonds,N,MC,,Y,Y,,Deduced_H_bond,O,O,O,O,O,O,H,H,H,H,H,H,?,,Deduced hydrogen bonds,help text,N,MC,,Y,Y,H,Deduced hydrogen bonds,help text,N,MC,,Y,Y,H,Deduced hydrogen bonds,help text8,structure,570,conformer_statistics,conformer_statistics,N,MC,,N,N,conformer_statistics,,O,O,O,O,O,O,H,H,H,H,H,H,?,,Conformer statistics,The selection criteria$ energy values$ statistical parameters$ and other data that describe the calculated ensemble of conformers and representative structure are entered in this section. ,N,MC,,N,N,H,Conformer statistics,The selection criteria$ energy values$ statistical parameters$ and other data that describe the calculated ensemble of conformers and representative structure are entered in this section. ,N,MC,,N,N,H,Conformer statistics,The selection criteria$ energy values$ statistical parameters$ and other data that describe the calculated ensemble of conformers and representative structure are entered in this section. 8,structure,580,constraint_statistics,constraint_statistics,N,MC,,N,N,constraint_statistics,,O,O,O,O,O,O,H,H,H,H,H,H,?,,Constraint statistics,First enter the number and type of constraints present in each constraint file uploaded for this deposition. After clicking 'save changes'$ new text boxes will appear near the top of the page. Please enter the requested constraint statistical details.,N,MC,,N,N,H,Constraint statistics,First enter the number and type of constraints present in each constraint file uploaded for this deposition. After clicking 'save changes'$ new text boxes will appear near the top of the page. Please enter the requested constraint statistical details.,N,MC,,N,N,H,Constraint statistics,First enter the number and type of constraints present in each constraint file uploaded for this deposition. After clicking 'save changes'$ new text boxes will appear near the top of the page. Please enter the requested constraint statistical details.8,structure,590,representative_conformer,representative_conformer,N,MC,,N,N,representative_conformer,Rep_conf,O,O,O,O,O,O,H,H,H,H,H,H,?,,Representative conformer refinement,The methods used to calculate and refine the reported representative structural conformer are provided in this section.,N,MC,,N,N,H,Representative conformer refinement,The methods used to calculate and refine the reported representative structural conformer are provided in this section.,N,MC,,N,N,H,Representative conformer refinement,The methods used to calculate and refine the reported representative structural conformer are provided in this section.8,structure,600,conformer_family_coord_set,conformer_family_coord_set,N,MC,,N,N,ensemble_of_conformers,,O,O,O,O,O,O,H,H,H,H,H,H,?,,Conformer refinement methods,Information regarding the conditions used$ NMR experiments carried out$ and methods used to calculate and refine the reported ensemble of conformations are entered here. If an ensemble of conformers is not reported$ please complete the sections on the NMR experiments and sample conditions used. The software and refinement methods sections can be completed by entering 'na' in the fields.,N,MC,,N,N,H,Conformer refinement methods,Information regarding the conditions used$ NMR experiments carried out$ and methods used to calculate and refine the reported ensemble of conformations are entered here. If an ensemble of conformers is not reported$ please complete the sections on the NMR experiments and sample conditions used. The software and refinement methods sections can be completed by entering 'na' in the fields.,N,MC,,N,N,H,Conformer refinement methods,Information regarding the conditions used$ NMR experiments carried out$ and methods used to calculate and refine the reported ensemble of conformations are entered here. If an ensemble of conformers is not reported$ please complete the sections on the NMR experiments and sample conditions used. The software and refinement methods sections can be completed by entering 'na' in the fields.8,structure,620,force_constants,force_constants,N,O,,Y,Y,,,O,O,O,O,O,O,H,H,H,H,H,H,?,,Force constants,help text,N,O,,Y,Y,H,Force constants,help text,N,O,,Y,Y,H,Force constants,help text8,structure,630,angular_order_parameters,angular_order_parameters,N,O,,Y,Y,,,O,O,O,O,O,O,H,H,H,H,H,H,?,,Angular order parameters,help text,N,O,,Y,Y,H,Angular order parameters,help text,N,O,,Y,Y,H,Angular order parameters,help text8,structure,640,tertiary_struct_elements,tertiary_struct_elements,N,O,,Y,Y,,,O,O,O,O,O,O,H,H,H,H,H,H,?,,Tertiary structure elements,help text,N,O,,Y,Y,H,Tertiary structure elements,help text,N,O,,Y,Y,H,Tertiary structure elements,help text8,structure,642,structure_annotation,structure_annotation,N,O,,Y,Y,,,O,O,O,O,O,O,H,H,H,H,H,H,?,,Structure annotation,help text,N,O,,Y,Y,H,Structure annotation,help text,N,O,,Y,Y,H,Structure annotation,help text8,structure,650,secondary_structs,secondary_structs,N,O,,Y,Y,,,O,O,O,O,O,O,H,H,H,H,H,H,?,,Secondary structure features,help text,N,O,,Y,Y,H,Secondary structure features,help text,N,O,,Y,Y,H,Secondary structure features,help text8,structure,660,bond_annotation,bond_annotation,N,O,,Y,Y,,,O,O,O,O,O,O,H,H,H,H,H,H,?,,Bond annotations,Describe any chemical bonds that are of special inportance to the reported structure.,N,O,,Y,Y,H,Bond annotations,Describe any chemical bonds that are of special inportance to the reported structure.,N,O,,Y,Y,H,Bond annotations,Describe any chemical bonds that are of special inportance to the reported structure.8,structure,670,structure_interactions,structure_interactions,N,O,,Y,Y,,,O,O,O,O,O,O,H,H,H,H,H,H,?,,Structural interactions,Describe any hydrophobic$ salt bridge$ or other molecular interactions of special note that were observed in the structure(s).,N,O,,Y,Y,H,Structural interactions,Describe any hydrophobic$ salt bridge$ or other molecular interactions of special note that were observed in the structure(s).,N,O,,Y,Y,H,Structural interactions,Describe any hydrophobic$ salt bridge$ or other molecular interactions of special note that were observed in the structure(s).8,structure,710,other_struct_features,other_struct_features,N,O,,Y,Y,,,O,O,O,O,O,O,H,H,H,H,H,H,?,,Other secondary structure features,help text,N,O,,Y,Y,H,Other secondary structure features,help text,N,O,,Y,Y,H,Other secondary structure features,help text8,structure,711,tensor,tensor,N,O,,Y,Y,,,O,O,O,O,O,O,H,H,H,H,H,H,?,,General tensors,Please enter the name of the file that contains the tensor information.,N,MC,,Y,Y,H,General tensors,Please enter the name of the file that contains the tensor information.,N,O,,Y,Y,H,General tensors,Please enter the name of the file that contains the tensor information.8,structure,712,interatomic_distance,interatomic_distance,N,O,,Y,Y,,,O,O,O,O,O,O,H,H,H,H,H,H,?,,Interatomic distances,help text,N,O,,Y,Y,H,Interatomic distances,help text,N,O,,Y,Y,H,Interatomic distances,help text8,structure,715,general_distance_constraints,general_distance_constraints,N,O,,Y,Y,,,O,O,O,O,O,O,H,H,H,H,H,H,?,,General distance constraints,help text,N,O,,Y,Y,H,General distance constraints,help text,N,O,,Y,Y,H,General distance constraints,help text8,structure,720,distance_constraints,distance_constraints,N,MC,,Y,Y,,,O,O,O,O,O,O,H,H,H,H,H,H,?,,Distance constraints,help text,N,MC,,Y,Y,H,Distance constraints,help text,N,MC,,Y,Y,H,Distance constraints,help text8,structure,740,floating_chiral_stereo_assign,floating_chiral_stereo_assign,N,MC,,Y,Y,,,O,O,O,O,O,O,H,H,H,H,H,H,?,,Floating chirality stereoassignments,help text,N,MC,,Y,Y,H,Floating chirality stereoassignments,help text,N,MC,,Y,Y,H,Floating chirality stereoassignments,help text8,structure,760,torsion_angle_constraints,torsion_angle_constraints,N,MC,,Y,Y,,,O,O,O,O,O,O,H,H,H,H,H,H,?,,Torsion angle constraints,help text,N,MC,,Y,Y,H,Torsion angle constraints,help text,N,MC,,Y,Y,H,Torsion angle constraints,help text8,structure,770,RDC_constraints,RDC_constraints,N,MC,,Y,Y,,,O,O,O,O,O,O,H,H,H,H,H,H,?,,Residual dipolar coupling constraints,help text,N,MC,,Y,Y,H,Residual dipolar coupling constraints,help text,N,MC,,Y,Y,H,Residual dipolar coupling constraints,help text8,structure,790,J_three_bond_constraints,J_three_bond_constraints,N,MC,,Y,Y,,,O,O,O,O,O,O,H,H,H,H,H,H,?,,J three bond constraints,help text,N,MC,,Y,Y,H,J three bond constraints,help text,N,MC,,Y,Y,H,J three bond constraints,help text8,structure,800,CA_CB_chem_shift_constraints,CA_CB_chem_shift_constraints,N,MC,,Y,Y,,,O,O,O,O,O,O,H,H,H,H,H,H,?,,CA/CB chemical shift constraints,help text,N,MC,,Y,Y,H,CA/CB chemical shift constraints,help text,N,MC,,Y,Y,H,CA/CB chemical shift constraints,help text8,structure,810,H_chem_shift_constraints,H_chem_shift_constraints,N,MC,,Y,Y,,,O,O,O,O,O,O,H,H,H,H,H,H,?,,Proton chemical shift constraints,help text,N,MC,,Y,Y,H,Proton chemical shift constraints,help text,N,MC,,Y,Y,H,Proton chemical shift constraints,help text8,structure,812,SAXS_constraints,SAXS_constraints,N,MC,,Y,Y,,,O,O,O,O,O,O,H,H,H,H,H,H,?,,Small-angle X-ray scattering constraints,help text,N,MC,,Y,Y,H,Small-angle X-ray scattering constraints,help text,N,MC,,Y,Y,H,Small-angle X-ray scattering constraints,help text8,structure,820,other_constraints,other_constraints,N,MC,,Y,Y,,,O,O,O,O,O,O,H,H,H,H,H,H,?,,Other constraints,help text,N,MC,,Y,Y,H,Other constraints,help text,N,MC,,Y,Y,H,Other constraints,help text8,structure,830,org_constr_file_comment,org_constr_file_comment,N,O,,Y,Y,,,O,O,O,O,O,O,H,H,H,H,H,H,?,,Original constraint file general comments,General text comments extracted from constraint files. These comments could not be assigned to a specific constraint.,N,O,,Y,Y,H,Original constraint file general comments,General text comments extracted from constraint files. These comments could not be assigned to a specific constraint.,N,O,,Y,Y,H,Original constraint file general comments,General text comments extracted from constraint files. These comments could not be assigned to a specific constraint.8,structure,840,MS_MZ_data,MS_MZ_data,N,O,,Y,Y,,MZ_product_ion,O,O,O,O,O,O,H,H,H,H,H,H,?,,Mass spec MZ ratios,help text,N,MC,,Y,Y,H,Mass spec MZ ratios,help text,N,MC,,Y,Y,H,Mass spec MZ ratios,help text8,structure,850,MS_chromatogram,MS_chromatogram,N,O,,Y,Y,,MS_chromatogram_ion,O,O,O,O,O,O,H,H,H,H,H,H,?,,Mass spec chromatogram data,help text,N,MC,,Y,Y,H,Mass spec chromatogram data,help text,N,MC,,Y,Y,H,Mass spec chromatogram data,help textTBL_END,,,,,,,,,,,,,,,,,,,,,,,,,,,,,,,,,,,,,,,,,,,?